225510328459472896
225510328589488128
225510328706932736
225510328820183040
225510328925032448
225510329080225792
225510329206059008
225510329310908416
225510329419964416
225510329520631808
225510329625481216
225510329717760000
225510329818427392
225510329910693888
225510330015555584
225510330133000192
225510330216878080
225510330321739776
225510330418212864
225510330518867968
225510330623729664
225510330732785664
225510330829246464
225510330938302464
225510331038969856
225510331148013568
225510331261263872
225510331366125568
225510331479363584
225510331575836672
225510331680698368
225510331781353472
225510331886215168
225510331982688256
225510332083343360
225510332184010752
225510332280483840
225510332389527552
225510332490194944
225510332595056640
225510332699906048
225510332804767744
225510332905435136
225510333006090240
225510333110951936
225510333211619328
225510333333245952
225510333425524736
225510333534580736
225510333647818752
225510333761069056
225510333857542144
225510333962391552
225510334063058944
225510334163726336
225510334268575744
225510334373437440
225510334478299136
225510334578954240
225510334692204544
225510334797066240
225510334897721344
225510335006777344
225510335111639040
225510335233265664
225510335333933056
225510335438794752
225510335543644160
225510335640117248
225510335740784640
225510335845634048
225510335950495744
225510336059551744
225510336160206848
225510336260874240
225510336365735936
225510336462196736
225510336562864128
225510336663531520
225510336759992320
225510336856465408
225510336965521408
225510337070370816
225510337171038208
225510337275899904
225510337384943616
225510337489805312
225510337590472704
225510337695322112
225510337795989504
225510337900851200
225510338005700608
225510338106368000
225510338211229696
225510338316079104
225510338425135104
225510338525802496
225510338626457600
225510338727124992
225510338827792384
225510338932641792
225510339033309184
225510339138170880
225510339238825984
225510339339493376
225510339444355072
225510339549204480
225510339654066176
225510339758927872
225510339867971584
225510339972833280
225510340073500672
225510340161572864
225510340270628864
225510340371296256
225510340476145664
225510340581007360
225510340677480448
225510340782329856
225510340887191552
225510340983664640
225510341088514048
225510341180792832
225510341281460224
225510341377921024
225510341466005504
225510341570867200
225510341671522304
225510341776384000
225510341877051392
225510341977706496
225510342082568192
225510342183235584
225510342283890688
225510342384558080
225510342481031168
225510342581686272
225510342678159360
225510342774632448
225510342871093248
225510342971760640
225510343068233728
225510343173083136
225510343273750528
225510343378612224
225510343483461632
225510343588323328
225510343688990720
225510343785451520
225510343881924608
225510343982592000
225510344087441408
225510344188108800
225510344280387584
225510344381042688
225510344481710080
225510344582377472
225510344683032576
225510344783699968
225510344884367360
225510344972439552
225510345077301248
225510345182162944
225510345287012352
225510345387679744
225510345488347136
225510345589002240
225510345689669632
225510345786142720
225510345886797824
225510345983270912
225510346092326912
225510346197176320
225510346306232320
225510346411094016
225510346503360512
225510346604027904
225510346704695296
225510346796961792
225510346901823488
225510347006685184
225510347103145984
225510347203813376
225510347300286464
225510347409330176
225510347509997568
225510347610664960
225510347711320064
225510347811987456
225510347916849152
225510348013309952
225510348118171648
225510348218839040
225510348315299840
225510348420161536
225510348516634624
225510348617289728
225510348713762816
225510348818624512
225510348923473920
225510349019947008
225510349116420096
225510349221269504
225510349326131200
225510349439381504
225510349544230912
225510349661675520
225510349758148608
225510349858803712
225510349963665408
225510350068527104
225510350164987904
225510350265655296
225510350366322688
225510350466977792
225510350567645184
225510350659923968
225510350756384768
225510350857052160
225510350957719552
225510351058374656
225510351163236352
225510351263903744
225510351364558848
225510351465226240
225510351561699328
225510351662354432
225510351763021824
225510351863689216
225510351968538624
225510352069206016
225510352165679104
225510352270528512
225510352362807296
225510352463474688
225510352559935488
225510352664797184
225510352769658880
225510352874508288
225510352979369984
225510353080037376
225510353189081088
225510353285554176
225510353390415872
225510353491070976
225510353591738368
225510353688211456
225510353784672256
225510353881145344
225510353981812736
225510354078273536
225510354178940928
225510354279608320
225510354376069120
225510354476736512
225510354581598208
225510354686447616
225510354850029568
225510354959085568
225510355068129280
225510355172990976
225510355273658368
225510355382702080
225510355483369472
225510355588231168
225510355688886272
225510355793747968
225510355898609664
225510355999264768
225510356104126464
225510356204793856
225510356309643264
225510356410310656
225510356510978048
225510356615827456
225510356716494848
225510356821356544
225510356922011648
225510357026873344
225510357123346432
225510357228195840
225510357328863232
225510357433724928
225510357534380032
225510357643436032
225510357744103424
225510357844758528
225510357945425920
225510358054481920
225510358150942720
225510358255804416
225510358356471808
225510358465515520
225510358566182912
225510358666850304
225510358771699712
225510358872367104
225510358977228800
225510359077883904
225510359178551296
225510359283412992
225510359392456704
225510359488929792
225510359585402880
225510359690252288
225510359795113984
225510359891587072
225510359996436480
225510360097103872
225510360197771264
225510360302620672
225510360403288064
225510360508149760
225510360608804864
225510360713666560
225510360818528256
225510360919183360
225510361019850752
225510361120518144
225510361221173248
225510361321840640
225510361422508032
225510361523163136
225510361619636224
225510361720303616
225510361820958720
225510361917431808
225510362022293504
225510362118754304
225510362223616000
225510362320089088
225510362424938496
225510362521411584
225510362626273280
225510362731122688
225510362835984384
225510362940846080
225510363041501184
225510363146362880
225510363242835968
225510363347685376
225510363452547072
225510363553214464
225510363653869568
225510363758731264
225510363855204352
225510363960053760
225510364060721152
225510364161388544
225510364266237952
225510364362711040
225510364471767040
225510364568227840
225510364677283840
225510364777951232
225510364878606336
225510364979273728
225510365079941120
225510365184790528
225510365285457920
225510365386125312
225510365486780416
225510365587447808
225510365692309504
225510365788770304
225510365893632000
225510365990105088
225510366090760192
225510366195621888
225510366296289280
225510366405332992
225510366501806080
225510366602473472
225510366690545664
225510366791213056
225510366896074752
225510366992535552
225510367093202944
225510367206453248
225510367311302656
225510367411970048
225510367508443136
225510367609098240
225510367709765632
225510367814627328
225510367919476736
225510368020144128
225510368112422912
225510368213078016
225510368317939712
225510368414412800
225510368519262208
225510368619929600
225510368716402688
225510368821252096
225510368921919488
225510369022586880
225510369119047680
225510369232297984
225510369337159680
225510369437814784
225510369534287872
225510369634955264
225510369735610368
225510369840472064
225510369936945152
225510370041794560
225510370142461952
225510370247323648
225510370347978752
225510370457034752
225510370553507840
225510370649968640
225510370750636032
225510370851303424
225510370956152832
225510371044237312
225510371149099008
225510371253948416
225510371358810112
225510371459477504
225510371564326912
225510371652411392
225510371744690176
225510371853733888
225510371954401280
225510372059262976
225510372159918080
225510372264779776
225510372369641472
225510372470296576
225510372570963968
225510372675825664
225510372780675072
225510372881342464
225510372982009856
225510373078470656
225510373174943744
225510373275611136
225510373376266240
225510373481127936
225510373581795328
225510373682450432
225510373783117824
225510373883785216
225510373988634624
225510374093496320
225510374206746624
225510374311596032
225510374420652032
225510374529708032
225510374638751744
225510374747807744
225510374852669440
225510374957518848
225510375062380544
225510375171436544
225510375280480256
225510375385341952
225510375494397952
225510375599247360
225510375708303360
225510375813165056
225510375922208768
225510376027070464
225510376131932160
225510376240975872
225510376345837568
225510376446504960
225510376559742976
225510376668798976
225510376773660672
225510376874315776
225510376979177472
225510377088233472
225510377197277184
225510377310527488
225510377415389184
225510377524432896
225510377637683200
225510377742544896
225510377847394304
225510377952256000
225510378052923392
225510378157772800
225510378254245888
225510378363301888
225510378463956992
225510378560430080
225510378661097472
225510378761752576
225510378858225664
225510378958893056
225510379059548160
225510379164409856
225510379265077248
225510379369926656
225510379474788352
225510379579650048
225510379692888064
225510379793555456
225510379898417152
225510379994877952
225510380103933952
225510380200407040
225510380301062144
225510380405923840
225510380506591232
225510380611440640
225510380699525120
225510380804386816
225510380900847616
225510381009903616
225510381102182400
225510381198643200
225510381303504896
225510381404172288
225510381500633088
225510381601300480
225510381714550784
225510381823594496
225510381928456192
225510382024929280
225510382129778688
225510382230446080
225510382331113472
225510382435962880
225510382540824576
225510382645686272
225510382746341376
225510382851203072
225510382956064768
225510383056719872
225510383161581568
225510383262248960
225510383367098368
225510383467765760
225510383568433152
225510383669088256
225510383765561344
225510383866228736
225510383971078144
225510384075939840
225510384176607232
225510384277262336
225510384382124032
225510384482791424
225510384587640832
225510384684113920
225510384784781312
225510384893825024
225510384990298112
225510385090965504
225510385191620608
225510385296482304
225510385397149696
225510385510387712
225510385606860800
225510385711722496
225510385812377600
225510385917239296
225510386017906688
225510386118561792
225510386223423488
225510386324090880
225510386433134592
225510386533801984
225510386638663680
225510386743513088
225510386848374784
225510386953236480
225510387049697280
225510387150364672
225510387251032064
225510387347492864
225510387448160256
225510387553021952
225510387649482752
225510387758538752
225510387863400448
225510387959861248
225510388060528640
225510388173778944
225510388278628352
225510388383490048
225510388484157440
225510388580618240
225510388689674240
225510388794535936
225510388899385344
225510389004247040
225510389113303040
225510389213958144
225510389323014144
225510389423681536
225510389528530944
225510389641781248
225510389746642944
225510389859880960
225510389956354048
225510390061215744
225510390166065152
225510390266732544
225510390367399936
225510390472249344
225510390577111040
225510390686167040
225510390791016448
225510390900072448
225510391009128448
225510391109783552
225510391206256640
225510391323701248
225510391424356352
225510391545995264
225510391663439872
225510391764094976
225510391864762368
225510391965429760
225510392074473472
225510392170946560
225510392267419648
225510392376463360
225510392481325056
225510392586186752
225510392686841856
225510392787509248
225510392892370944
225510392993026048
225510393093693440
225510393185972224
225510393282433024
225510393383100416
225510393487962112
225510393592811520
225510393693478912
225510393794146304
225510393898995712
225510394003857408
225510394100330496
225510394205179904
225510394305847296
225510394414903296
225510394515558400
225510394620420096
225510394721087488
225510394825936896
225510394930798592
225510395035660288
225510395136315392
225510395241177088
225510395346038784
225510395455082496
225510395547361280
225510395643834368
225510395748683776
225510395849351168
225510395958407168
225510396063256576
225510396168118272
225510396272979968
225510396377829376
225510396478496768
225510396579164160
225510396684013568
225510396784680960
225510396889542656
225510396990197760
225510397090865152
225510397199921152
225510397279604736
225510397376077824
225510397468356608
225510397564817408
225510397669679104
225510397770346496
225510397875195904
225510397971668992
225510398072336384
225510398177185792
225510398286241792
225510398391103488
225510398500147200
225510398592425984
225510398693093376
225510398785359872
225510398890221568
225510398995083264
225510399104126976
225510399204794368
225510399305461760
225510399410311168
225510399510978560
225510399620034560
225510399720689664
225510399817162752
225510399922024448
225510400031068160
225510400131735552
225510400236597248
225510400341446656
225510400437919744
225510400534392832
225510400643436544
225510400748298240
225510400853159936
225510400953815040
225510401054482432
225510401155149824
225510401259999232
225510401364860928
225510401469722624
225510401566183424
225510401666850816
225510401767518208
225510401872367616
225510401973035008
225510402077896704
225510402182746112
225510402287607808
225510402388275200
225510402488930304
225510402589597696
225510402694459392
225510402795114496
225510402899976192
225510403004837888
225510403113881600
225510403210354688
225510403315216384
225510403420065792
225510403524927488
225510403625594880
225510403726249984
225510403835305984
225510403931779072
225510404032434176
225510404137295872
225510404242157568
225510404338618368
225510404435091456
225510404544147456
225510404648996864
225510404753858560
225510404858720256
225510404955181056
225510405055848448
225510405156515840
225510405252976640
225510405353644032
225510405454311424
225510405554966528
225510405659828224
225510405760495616
225510405861150720
225510405961818112
225510406062485504
225510406154752000
225510406263808000
225510406368669696
225510406473519104
225510406574186496
225510406679048192
225510406779703296
225510406884564992
225510406985232384
225510407085887488
225510407173971968
225510407283027968
225510407396265984
225510407496933376
225510407593406464
225510407694061568
225510407794728960
225510407899590656
225510408004440064
225510408109301760
225510408209969152
225510408310624256
225510408419680256
225510408524541952
225510408633585664
225510408738447360
225510408843309056
225510408935575552
225510409040437248
225510409153687552
225510409258536960
225510409359204352
225510409459871744
225510409564721152
225510409669582848
225510409770250240
225510409879293952
225510409971572736
225510410068045824
225510410168700928
225510410269368320
225510410374230016
225510410474885120
225510410575552512
225510410672025600
225510410776875008
225510410881736704
225510410986598400
225510411087253504
225510411183726592
225510411288588288
225510411393437696
225510411498299392
225510411603161088
225510411712204800
225510411808677888
225510411917733888
225510412022583296
225510412123250688
225510412228112384
225510412332961792
225510412429434880
225510412525907968
225510412634951680
225510412735619072
225510412840480768
225510412941135872
225510413041803264
225510413142470656
225510413243125760
225510413343793152
225510413452849152
225510413553504256
225510413662560256
225510413763227648
225510413868077056
225510413964550144
225510414069411840
225510414170066944
225510414270734336
225510414371401728
225510414476251136
225510414581112832
225510414681780224
225510414786629632
225510414891491328
225510414992158720
225510415092813824
225510415193481216
225510415302537216
225510415398998016
225510415503859712
225510415612915712
225510415709376512
225510415818432512
225510415919099904
225510416019755008
225510416124616704
225510416225284096
225510416325939200
225510416430800896
225510416539856896
225510416640512000
225510416749568000
225510416850235392
225510416950890496
225510417051557888
225510417156419584
225510417257074688
225510417353547776
225510417454215168
225510417559064576
225510417668120576
225510417768787968
225510417869443072
225510417970110464
225510418074972160
225510418179821568
225510418284683264
225510418385350656
225510418494394368
225510418599256064
225510418699923456
225510418804772864
225510418909634560
225510419010301952
225510419102568448
225510419207430144
225510419316486144
225510419400364032
225510419509420032
225510419610087424
225510419702353920
225510419794632704
225510419886911488
225510419979177984
225510420079845376
225510420180512768
225510420285362176
225510420390223872
225510420490891264
225510420595740672
225510420696408064
225510420792881152
225510420893536256
225510420994203648
225510421094871040
225510421191331840
225510421296193536
225510421401055232
225510421501710336
225510421606572032
225510421703045120
225510421812088832
225510421916950528
225510422021812224
225510422126661632
225510422231523328
225510422332190720
225510422437040128
225510422537707520
225510422642569216
225510422747418624
225510422852280320
225510422952947712
225510423049408512
225510423154270208
225510423259131904
225510423363981312
225510423456260096
225510423561121792
225510423661776896
225510423766638592
225510423871500288
225510423972155392
225510424072822784
225510424173490176
225510424274145280
225510424379006976
225510424479674368
225510424576135168
225510424685191168
225510424790052864
225510424890707968
225510424991375360
225510425096237056
225510425192697856
225510425297559552
225510425398226944
225510425507270656
225510425603743744
225510425708605440
225510425800871936
225510425905733632
225510426006401024
225510426107056128
225510426211917824
225510426316779520
225510426417434624
225510426513907712
225510426618769408
225510426715230208
225510426820091904
225510426924953600
225510427029803008
225510427130470400
225510427239526400
225510427340181504
225510427445043200
225510427545710592
225510427646365696
225510427747033088
225510427851894784
225510427956744192
225510428061605888
225510428166467584
225510428271316992
225510428376178688
225510428485234688
225510428590084096
225510428690751488
225510428795613184
225510428896268288
225510428996935680
225510429101797376
225510429206646784
225510429311508480
225510429412175872
225510429508636672
225510429617692672
225510429722554368
225510429823209472
225510429923876864
225510430032932864
225510430146170880
225510430255226880
225510430351699968
225510430456549376
225510430557216768
225510430666272768
225510430771122176
225510430871789568
225510430972456960
225510431077306368
225510431182168064
225510431287029760
225510431391879168
225510431488352256
225510431589019648
225510431693869056
225510431798730752
225510431899398144
225510432000053248
225510432100720640
225510432260108288
225510432364957696
225510432469819392
225510432578875392
225510432679530496
225510432784392192
225510432889253888
225510432994103296
225510433098964992
225510433199632384
225510433308676096
225510433409343488
225510433526788096
225510433631637504
225510433732304896
225510433837166592
225510433937821696
225510434034294784
225510434134962176
225510434239811584
225510434344673280
225510434449534976
225510434550190080
225510434650857472
225510434755719168
225510434852179968
225510434957041664
225510435053514752
225510435158364160
225510435259031552
225510435363893248
225510435464548352
225510435573604352
225510435674271744
225510435774926848
225510435879788544
225510435980455936
225510436085305344
225510436194361344
225510436303417344
225510436408266752
225510436513128448
225510436617990144
225510436718645248
225510436819312640
225510436924174336
225510437024829440
225510437129691136
225510437234552832
225510437331013632
225510437431681024
225510437519765504
225510437616226304
225510437721088000
225510437821755392
225510437926604800
225510438039855104
225510438136328192
225510438241177600
225510438341844992
225510438446706688
225510438543167488
225510438648029184
225510438752890880
225510438853545984
225510438950019072
225510439050686464
225510439151341568
225510439260397568
225510439361064960
225510439465914368
225510439570776064
225510439671443456
225510439780487168
225510439881154560
225510439981821952
225510440086671360
225510440187338752
225510440292200448
225510440397049856
225510440501911552
225510440602578944
225510440694845440
225510440795512832
225510440900374528
225510441001029632
225510441110085632
225510441210753024
225510441315602432
225510441420464128
225510441525325824
225510441630175232
225510441730842624
225510441844092928
225510441957330944
225510442053804032
225510442162860032
225510442263515136
225510442364182528
225510442469044224
225510442573893632
225510442678755328
225510442787811328
225510442892660736
225510442993328128
225510443093995520
225510443194650624
225510443295318016
225510443400179712
225510443505029120
225510443605696512
225510443706363904
225510443811213312
225510443907686400
225510444008353792
225510444113203200
225510444218064896
225510444322926592
225510444419387392
225510444524249088
225510444620722176
225510444725571584
225510444826238976
225510444926906368
225510445027561472
225510445136617472
225510445241479168
225510445363105792
225510445472161792
225510445585412096
225510445707038720
225510445807706112
225510445904179200
225510446004834304
225510446105501696
225510446210363392
225510446315212800
225510446407491584
225510446499770368
225510446600425472
225510446705287168
225510446810148864
225510446910803968
225510447011471360
225510447107944448
225510447208599552
225510447309266944
225510447409934336
225510447514783744
225510447619645440
225510447737090048
225510447841939456
225510447971966976
225510448143937536
225510448248786944
225510448349454336
225510448454316032
225510448559165440
225510448655638528
225510448764694528
225510448869543936
225510448974405632
225510449079267328
225510449184116736
225510449288978432
225510449385451520
225510449490300928
225510449595162624
225510449700024320
225510449800679424
225510449905541120
225510450010402816
225510450111057920
225510450215919616
225510450320781312
225510450429825024
225510450534686720
225510450635354112
225510450744397824
225510450849259520
225510450958315520
225510451067359232
225510451184803840
225510451293859840
225510451394514944
225510451503570944
225510451612626944
225510451717476352
225510451822338048
225510451923005440
225510452027854848
225510452128522240
225510452229189632
225510452334039040
225510452438900736
225510452547956736
225510452657000448
225510452766056448
225510452866723840
225510452979961856
225510453080629248
225510453185490944
225510453277757440
225510453382619136
225510453483286528
225510453579747328
225510453672026112
225510453772693504
225510453873348608
225510453978210304
225510454087266304
225510454187921408
225510454292783104
225510454389256192
225510454498299904
225510454594772992
225510454699634688
225510454796095488
225510454892568576
225510455001624576
225510455098085376
225510455202947072
225510455307808768
225510455412658176
225510455513325568
225510455609798656
225510455714648064
225510455819509760
225510455928565760
225510456033415168
225510456134082560
225510456230555648
225510456335405056
225510456436072448
225510456540934144
225510456633200640
225510456733868032
225510456834535424
225510456935190528
225510457035857920
225510457140719616
225510457249763328
225510457354625024
225510457463681024
225510457564336128
225510457673392128
225510457774059520
225510457883103232
225510457992159232
225510458097020928
225510458206064640
225510458298343424
225510458390622208
225510458495471616
225510458596139008
225510458705195008
225510458801655808
225510458898128896
225510459002990592
225510459103645696
225510459204313088
225510459309174784
225510459409829888
225510459510497280
225510459611164672
225510459711819776
225510459816681472
225510459908960256
225510460005421056
225510460114477056
225510460219338752
225510460319993856
225510460429049856
225510460525522944
225510460621983744
225510460722651136
225510460827512832
225510460928167936
225510461033029632
225510461133697024
225510461238546432
225510461343408128
225510461448269824
225510461553119232
225510461653786624
225510461758648320
225510461863497728
225510461964165120
225510462064832512
225510462173876224
225510462278737920
225510462383599616
225510462488449024
225510462593310720
225510462698172416
225510462803021824
225510462907883520
225510463012745216
225510463117594624
225510463226650624
225510463339900928
225510463444750336
225510463553806336
225510463662862336
225510463755128832
225510463859990528
225510463969046528
225510464073895936
225510464178757632
225510464283619328
225510464388468736
225510464497524736
225510464602386432
225510464707235840
225510464812097536
225510464916959232
225510465021808640
225510465122476032
225510465227337728
225510465327992832
225510465424465920
225510465525133312
225510465625788416
225510465730650112
225510465831317504
225510465944555520
225510466045222912
225510466150084608
225510466259128320
225510466359795712
225510466468851712
225510466573701120
225510466678562816
225510466783424512
225510466888273920
225510466984747008
225510467081220096
225510467186069504
225510467290931200
225510467383209984
225510467479670784
225510467580338176
225510467685199872
225510467781660672
225510467886522368
225510467991384064
225510468100427776
225510468205289472
225510468310151168
225510468406611968
225510468507279360
225510468607946752
225510468708601856
225510468809269248
225510468914130944
225510469023174656
225510469119647744
225510469216120832
225510469316775936
225510469421637632
225510469526499328
225510469631348736
225510469736210432
225510469841072128
225510469937532928
225510470029811712
225510470134673408
225510470235328512
225510470340190208
225510470445051904
225510470554095616
225510470654763008
225510470755430400
225510470860279808
225510470965141504
225510471074197504
225510471179046912
225510471279714304
225510471388770304
225510471493619712
225510471598481408
225510471707537408
225510471799803904
225510471900471296
225510472005332992
225510472118571008
225510472223432704
225510472319905792
225510472420560896
225510472521228288
225510472621895680
225510472730939392
225510472831606784
225510472932274176
225510473041317888
225510473141985280
225510473246846976
225510473351696384
225510473452363776
225510473553031168
225510473653686272
225510473758547968
225510473859215360
225510473964064768
225510474064732160
225510474173788160
225510474282831872
225510474383499264
225510474492555264
225510474597404672
225510474702266368
225510474802933760
225510474899394560
225510475008450560
225510475104923648
225510475226550272
225510475331411968
225510475453050880
225510475566288896
225510475675344896
225510475788595200
225510475893444608
225510476010889216
225510476111556608
225510476216406016
225510476329656320
225510476434518016
225510476535173120
225510476640034816
225510476749090816
225510476853940224
225510476967190528
225510477072052224
225510477185290240
225510477285957632
225510477399207936
225510477508251648
225510477617307648
225510477726363648
225510477831213056
225510477940269056
225510478040936448
225510478141591552
225510478246453248
225510478347120640
225510478451970048
225510478556831744
225510478661693440
225510478766542848
225510478871404544
225510478976266240
225510479081115648
225510479177588736
225510479290839040
225510479391494144
225510479483772928
225510479588634624
225510479693484032
225510479798345728
225510479899013120
225510479995473920
225510480096141312
225510480192614400
225510480284880896
225510480381353984
225510480477827072
225510480582676480
225510480687538176
225510480792399872
225510480897249280
225510480997916672
225510481098584064
225510481199239168
225510481312489472
225510481408962560
225510481513811968
225510481627062272
225510481727729664
225510481832579072
225510481937440768
225510482042302464
225510482147151872
225510482243624960
225510482348486656
225510482449141760
225510482549809152
225510482658865152
225510482763714560
225510482868576256
225510482977632256
225510483078287360
225510483178954752
225510483283816448
225510483388665856
225510483493527552
225510483606777856
225510483707432960
225510483812294656
225510483925544960
225510484026200064
225510484135256064
225510484231729152
225510484336578560
225510484433051648
225510484542107648
225510484646957056
225510484743430144
225510484848291840
225510484944752640
225510485053808640
225510485154476032
225510485271908352
225510485364187136
225510485460660224
225510485561315328
225510485661982720
225510485762650112
225510485863305216
225510485972361216
225510486068834304
225510486173683712
225510486278545408
225510486387601408
225510486484062208
225510486597312512
225510486693785600
225510486794440704
225510486903496704
225510487012552704
225510487125790720
225510487234846720
225510487335514112
225510487444557824
225510487549419520
225510487654281216
225510487759130624
225510487863992320
225510487968854016
225510488073703424
225510488178565120
225510488283426816
225510488396664832
225510488501526528
225510488597999616
225510488702849024
225510488807710720
225510488908378112
225510489013227520
225510489118089216
225510489218756608
225510489319411712
225510489428467712
225510489529135104
225510489629790208
225510489726263296
225510489826930688
225510489931780096
225510490036641792
225510490141503488
225510490242158592
225510490351214592
225510490456076288
225510490556731392
225510490657398784
225510490758066176
225510490867109888
225510490967777280
225510491081027584
225510491181682688
225510491286544384
225510491391406080
225510491492061184
225510491592728576
225510491705978880
225510491810828288
225510491919884288
225510492024745984
225510492129595392
225510492234457088
225510492347707392
225510492448362496
225510492557418496
225510492662280192
225510492771323904
225510492871991296
225510492985241600
225510493102673920
225510493194952704
225510493295620096
225510493404663808
225510493513719808
225510493626970112
225510493715042304
225510493819904000
225510493928960000
225510494029615104
225510494134476800
225510494235144192
225510494339993600
225510494453243904
225510494558105600
225510494667149312
225510494776205312
225510494881067008
225510494985916416
225510495086583808
225510495178862592
225510495287906304
225510495396962304
225510495501824000
225510495615062016
225510495724118016
225510495837368320
225510495950606336
225510496063856640
225510496181301248
225510496286150656
225510496395206656
225510496491679744
225510496592334848
225510496697196544
225510496814641152
225510496915296256
225510497024352256
225510497129213952
225510497229869056
225510497334730752
225510497435398144
225510497540247552
225510497649303552
225510497758359552
225510497867403264
225510497968070656
225510498077126656
225510498181976064
225510498291032064
225510498395893760
225510498504937472
225510498622382080
225510498731438080
225510498840481792
225510498949537792
225510499058593792
225510499163443200
225510499272499200
225510499381555200
225510499486404608
225510499591266304
225510499696128000
225510499805171712
225510499910033408
225510500010700800
225510500115550208
225510500212023296
225510500325273600
225510500425928704
225510500530790400
225510500631457792
225510500736307200
225510500841168896
225510500946030592
225510501050880000
225510501155741696
225510501256409088
225510501365452800
225510501466120192
225510501570981888
225510501675831296
225510501776498688
225510501877166080
225510501977821184
225510502082682880
225510502183350272
225510502288199680
225510502397255680
225510502497923072
225510502602772480
225510502707634176
225510502812495872
225510502913150976
225510503022206976
225510503122874368
225510503227723776
225510503328391168
225510503433252864
225510503533907968
225510503638769664
225510503747825664
225510503856869376
225510503957536768
225510504066592768
225510504175636480
225510504272109568
225510504372776960
225510504469237760
225510504586682368
225510504704126976
225510504813170688
225510504913838080
225510505022894080
225510505131937792
225510505240993792
225510505345855488
225510505442316288
225510505538789376
225510505639456768
225510505744306176
225510505853362176
225510505958223872
225510506067267584
225510506176323584
225510506281185280
225510506386034688
225510506490896384
225510506599952384
225510506713190400
225510506847412224
225510506952273920
225510507052929024
225510507153596416
225510507250069504
225510507350724608
225510507455586304
225510507564642304
225510507740794880
225510507845656576
225510507958906880
225510508055367680
225510508156035072
225510508265091072
225510508365746176
225510508470607872
225510508579663872
225510508684513280
225510508785180672
225510508894236672
225510508999086080
225510509103947776
225510509213003776
225510509317853184
225510509422714880
225510509523382272
225510509628231680
225510509733093376
225510509833760768
225510509934415872
225510510039277568
225510510139944960
225510510240600064
225510510341267456
225510510441934848
225510510538395648
225510510643257344
225510510748119040
225510510852968448
225510510953635840
225510511062691840
225510511163346944
225510511268208640
225510511368876032
225510511469531136
225510511574392832
225510511675060224
225510511779909632
225510511884771328
225510511989633024
225510512094482432
225510512199344128
225510512295817216
225510512400666624
225510512501334016
225510512606195712
225510512711045120
225510512811712512
225510512916574208
225510513021423616
225510513122091008
225510513222758400
225510513335996416
225510513424080896
225510513524748288
225510513629597696
225510513734459392
225510513835126784
225510513944170496
225510514049032192
225510514158088192
225510514250354688
225510514346827776
225510514455883776
225510514552344576
225510514661400576
225510514762067968
225510514871111680
225510514971779072
225510515072446464
225510515168907264
225510515282157568
225510515382824960
225510515491868672
225510515592536064
225510515697397760
225510515802247168
225510515907108864
225510516011970560
225510516116819968
225510516221681664
225510516326543360
225510516427198464
225510516536254464
225510516645310464
225510516750159872
225510516859215872
225510516959883264
225510517064732672
225510517186371584
225510517291233280
225510517421248512
225510517526110208
225510517630971904
225510517735821312
225510517836488704
225510517937156096
225510518046199808
225510518146867200
225510518255923200
225510518360772608
225510518461440000
225510518574690304
225510518679539712
225510518780207104
225510518885068800
225510518989918208
225510519094779904
225510519199641600
225510519304491008
225510519409352704
225510519514214400
225510519619063808
225510519728119808
225510519828787200
225510519929442304
225510520038498304
225510520147554304
225510520252403712
225510520361459712
225510520470515712
225510520575365120
225510520680226816
225510520785088512
225510520889937920
225510520998993920
225510521099661312
225510521208705024
225510521305178112
225510521401651200
225510521498112000
225510521607168000
225510521707835392
225510521816879104
225510521921740800
225510522026602496
225510522135646208
225510522236313600
225510522341175296
225510522450219008
225510522559275008
225510522668331008
225510522773180416
225510522873847808
225510522978709504
225510523087753216
225510523196809216
225510523301670912
225510523402326016
225510523502993408
225510523603660800
225510523712704512
225510523821760512
225510523926622208
225510524035665920
225510524144721920
225510524257972224
225510524362821632
225510524467683328
225510524572545024
225510524677394432
225510524778061824
225510524882923520
225510524987772928
225510525080051712
225510525184913408
225510525285568512
225510525394624512
225510525486903296
225510525587558400
225510525692420096
225510525801476096
225510525910519808
225510526015381504
225510526124437504
225510526225092608
225510526329954304
225510526430621696
225510526535471104
225510526644527104
225510526741000192
225510526841655296
225510526946516992
225510527051378688
225510527160422400
225510527265284096
225510527365951488
225510527470800896
225510527571468288
225510527676329984
225510527772790784
225510527873458176
225510527969931264
225510528070586368
225510528179642368
225510528280309760
225510528393547776
225510528494215168
225510528607465472
225510528708120576
225510528817176576
225510528926232576
225510529031081984
225510529140137984
225510529253388288
225510529362432000
225510529471488000
225510529580544000
225510529685393408
225510529798643712
225510529899311104
225510530004160512
225510530109022208
225510530209689600
225510530318733312
225510530427789312
225510530532651008
225510530641694720
225510530746556416
225510530855612416
225510530956267520
225510531052740608
225510531149213696
225510531258257408
225510531363119104
225510531467980800
225510531568635904
225510531673497600
225510531774164992
225510531879014400
225510531983876096
225510532088737792
225510532189392896
225510532294254592
225510532394921984
225510532495577088
225510532596244480
225510532696911872
225510532810149888
225510532906622976
225510533007290368
225510533116334080
225510533217001472
225510533321863168
225510533422518272
225510533531574272
225510533636435968
225510533745479680
225510533854535680
225510533955203072
225510534055858176
225510534160719872
225510534328496128
225510534471094272
225510534584344576
225510534689206272
225510534794055680
225510534903111680
225510535016361984
225510535125405696
225510535226073088
225510535330934784
225510535439978496
225510535544840192
225510535670673408
225510535775522816
225510535880384512
225510535997829120
225510536106872832
225510536207540224
225510536316596224
225510536425639936
225510536534695936
225510536643751936
225510536744407040
225510536845074432
225510536941547520
225510537050591232
225510537159647232
225510537272897536
225510537381941248
225510537486802944
225510537600053248
225510537709096960
225510537818152960
225510537935597568
225510538048835584
225510538149502976
225510538262753280
225510538430517248
225510538573127680
225510538677989376
225510538833170432
225510538946420736
225510539051282432
225510539160326144
225510539265187840
225510539374243840
225510539483287552
225510539596537856
225510539709788160
225510539827220480
225510539953053696
225510540066304000
225510540171153408
225510540284403712
225510540393459712
225510540510892032
225510540628336640
225510540745781248
225510540859019264
225510540972269568
225510541085519872
225510541194563584
225510541299425280
225510541404286976
225510541513330688
225510541618192384
225510541727248384
225510541836292096
225510541941153792
225510542050209792
225510542146670592
225510542255726592
225510542360588288
225510542469632000
225510542574493696
225510542679355392
225510542792593408
225510542897455104
225510543006511104
225510543115554816
225510543220416512
225510543329472512
225510543438516224
225510543539183616
225510543644045312
225510543740506112
225510543841173504
225510543950229504
225510544059273216
225510544168329216
225510544277385216
225510544386428928
225510544495484928
225510544600346624
225510544701001728
225510544805863424
225510544919113728
225510545028157440
225510545133019136
225510545237880832
225510545346924544
225510545460174848
225510545569230848
225510545678274560
225510545778941952
225510545887997952
225510545988653056
225510546097709056
225510546206765056
225510546311614464
225510546420670464
225510546529726464
225510546642964480
225510546747826176
225510546861076480
225510546982703104
225510547095953408
225510547217592320
225510547322441728
225510547435692032
225510547548942336
225510547649597440
225510547808985088
225510547968372736
225510548077416448
225510548178083840
225510548295528448
225510548404572160
225510548513628160
225510548618489856
225510548735922176
225510548836589568
225510548945645568
225510549050494976
225510549159550976
225510549264412672
225510549373456384
225510549482512384
225510549599956992
225510549713195008
225510549822251008
225510549922918400
225510550036156416
225510550145212416
225510550250074112
225510550359117824
225510550463979520
225510550564646912
225510550673690624
225510550782746624
225510550887608320
225510550996652032
225510551101513728
225510551214764032
225510551315419136
225510551420280832
225510551529336832
225510551625797632
225510551726465024
225510551835521024
225510551936176128
225510552041037824
225510552150093824
225510552254943232
225510552355610624
225510552464666624
225510552573710336
225510552678572032
225510552783433728
225510552888283136
225510552993144832
225510553093812224
225510553198661632
225510553303523328
225510553404190720
225510553513234432
225510553618096128
225510553722957824
225510553836195840
225510553941057536
225510554050113536
225510554154962944
225510554259824640
225510554360492032
225510554465341440
225510554570203136
225510554675064832
225510554779914240
225510554884775936
225510554989637632
225510555098681344
225510555199348736
225510555304210432
225510555409059840
225510555509727232
225510555610394624
225510555715244032
225510555820105728
225510555933356032
225510556046594048
225510556147261440
225510556247928832
225510556348583936
225510556449251328
225510556554113024
225510556663156736
225510556768018432
225510556872880128
225510556981923840
225510557086785536
225510557191647232
225510557300690944
225510557388775424
225510557497831424
225510557602680832
225510557707542528
225510557812404224
225510557913059328
225510558017921024
225510558118588416
225510558231826432
225510558336688128
225510558437355520
225510558542204928
225510558651260928
225510558747734016
225510558848389120
225510558949056512
225510559049723904
225510559171350528
225510559276212224
225510559402045440
225510559502700544
225510559607562240
225510559708229632
225510559813079040
225510559917940736
225510560018608128
225510560140234752
225510560245096448
225510560354152448
225510560463196160
225510560572252160
225510560685502464
225510560794546176
225510560903602176
225510561008463872
225510561121701888
225510561268506624
225510561453060096
225510561566298112
225510561683742720
225510561788604416
225510561897648128
225510561998315520
225510562111565824
225510562220609536
225510562325471232
225510562447110144
225510562556153856
225510562661015552
225510562770071552
225510562874920960
225510562979782656
225510563084644352
225510563189493760
225510563294355456
225510563399217152
225510563504066560
225510563621511168
225510563722178560
225510563822833664
225510563919306752
225510564015779840
225510564120629248
225510564221296640
225510564326158336
225510564426813440
225510564531675136
225510564640731136
225510564741386240
225510564846247936
225510564951109632
225510565055959040
225510565160820736
225510565257293824
225510565353754624
225510565454422016
225510565559283712
225510565664133120
225510565768994816
225510565882245120
225510565987094528
225510566096150528
225510566205206528
225510566310055936
225510566414917632
225510566519779328
225510566628823040
225510566742073344
225510566851129344
225510566960173056
225510567056646144
225510567157313536
225510567270551552
225510567371218944
225510567476080640
225510567585124352
225510567694180352
225510567807430656
225510567924862976
225510568033918976
225510568147169280
225510568256212992
225510568361074688
225510568474324992
225510568587563008
225510568700813312
225510568805675008
225510568906330112
225510569015386112
225510569124442112
225510569233485824
225510569338347520
225510569447403520
225510569548058624
225510569657114624
225510569766170624
225510569875214336
225510569980076032
225510570089132032
225510570189787136
225510570303037440
225510570403704832
225510570512748544
225510570617610240
225510570722471936
225510570831515648
225510570940571648
225510571045433344
225510571154477056
225510571255144448
225510571364200448
225510571469049856
225510571578105856
225510571682967552
225510571796205568
225510571901067264
225510572010123264
225510572119166976
225510572228222976
225510572337278976
225510572442128384
225510572551184384
225510572660240384
225510572769284096
225510572874145792
225510572983201792
225510573088051200
225510573180329984
225510573289385984
225510573390041088
225510573503291392
225510573616541696
225510573721391104
225510573826252800
225510573935308800
225510574048546816
225510574149214208
225510574254075904
225510574354731008
225510574459592704
225510574556065792
225510574656720896
225510574757388288
225510574858055680
225510574958710784
225510575063572480
225510575168434176
225510575273283584
225510575373950976
225510575470424064
225510575575273472
225510575680135168
225510575780802560
225510575889846272
225510575990513664
225510576099569664
225510576200224768
225510576309280768
225510576414142464
225510576518991872
225510576628047872
225510576724520960
225510576829370368
225510576938426368
225510577043288064
225510577139748864
225510577252999168
225510577357860864
225510577462710272
225510577563377664
225510577664045056
225510577768894464
225510577873756160
225510577978617856
225510578079272960
225510578184134656
225510578293190656
225510578389651456
225510578502901760
225510578607763456
225510578712612864
225510578817474560
225510578926530560
225510579031379968
225510579136241664
225510579236909056
225510579337564160
225510579434037248
225510579538898944
225510579639554048
225510579740221440
225510579849277440
225510579958321152
225510580071571456
225510580180627456
225510580285476864
225510580398727168
225510580516171776
225510580621021184
225510580730077184
225510580834938880
225510580956565504
225510581069815808
225510581170483200
225510581279526912
225510581384388608
225510581493444608
225510581598294016
225510581707350016
225510581812211712
225510581921255424
225510582026117120
225510582130978816
225510582235828224
225510582340689920
225510582449745920
225510582558789632
225510582663651328
225510582764318720
225510582864973824
225510582965641216
225510583070502912
225510583175352320
225510583280214016
225510583385075712
225510583489925120
225510583598981120
225510583708037120
225510583804497920
225510583913553920
225510584018415616
225510584119070720
225510584219738112
225510584328794112
225510584433643520
225510584534310912
225510584639172608
225510584744022016
225510584840495104
225510584945356800
225510585050206208
225510585155067904
225510585259929600
225510585368973312
225510585478029312
225510585582891008
225510585687740416
225510585792602112
225510585897463808
225510586002313216
225510586102980608
225510586207842304
225510586312691712
225510586421747712
225510586526609408
225510586627264512
225510586736320512
225510586836987904
225510586941837312
225510587050893312
225510587155755008
225510587260604416
225510587361271808
225510587470327808
225510587570982912
225510587684233216
225510587789094912
225510587898138624
225510588003000320
225510588107862016
225510588212711424
225510588313378816
225510588418240512
225510588518895616
225510588627951616
225510588728619008
225510588837662720
225510588942524416
225510589051580416
225510589156429824
225510589261291520
225510589366153216
225510589471002624
225510589575864320
225510589676531712
225510589789769728
225510589898825728
225510590007881728
225510590112731136
225510590221787136
225510590326648832
225510590431498240
225510590540554240
225510590645415936
225510590750265344
225510590855127040
225510590964183040
225510591064838144
225510591169699840
225510591274561536
225510591375216640
225510591484272640
225510591584940032
225510591685595136
225510591790456832
225510591895318528
225510592000167936
225510592113418240
225510592214085632
225510592318935040
225510592423796736
225510592532852736
225510592641896448
225510592746758144
225510592847425536
225510592956469248
225510593057136640
225510593161998336
225510593262653440
225510593371709440
225510593468182528
225510593573031936
225510593677893632
225510593782755328
225510593887604736
225510593988272128
225510594093133824
225510594197983232
225510594311233536
225510594416095232
225510594525138944
225510594630000640
225510594730668032
225510594839711744
225510594944573440
225510595045240832
225510595154284544
225510595254951936
225510595355619328
225510595456274432
225510595561136128
225510595661803520
225510595766652928
225510595871514624
225510595976376320
225510596077031424
225510596186087424
225510596290949120
225510596395798528
225510596500660224
225510596605521920
225510596706177024
225510596811038720
225510596911706112
225510597016555520
225510597121417216
225510597226278912
225510597326934016
225510597427601408
225510597536657408
225510597641506816
225510597742174208
225510597851230208
225510597964468224
225510598065135616
225510598165803008
225510598270652416
225510598379708416
225510598484570112
225510598589419520
225510598690086912
225510598794948608
225510598899798016
225510599008854016
225510599109521408
225510599210176512
225510599315038208
225510599424094208
225510599524749312
225510599633805312
225510599734472704
225510599839322112
225510599939989504
225510600044851200
225510600195837952
225510600250368000
225510600359424000
225510600460079104
225510600560746496
225510600665608192
225510600770457600
225510600879513600
225510600975986688
225510601097613312
225510601202475008
225510601324113920
225510601437351936
225510601550602240
225510601659658240
225510601760313344
225510601860980736
225510601957453824
225510602062303232
225510602167164928
225510602280415232
225510602381070336
225510602481737728
225510602586599424
225510602691448832
225510602796310528
225510602896977920
225510603001827328
225510603102494720
225510603207356416
225510603312205824
225510603417067520
225510603521929216
225510603622584320
225510603723251712
225510603828113408
225510603932962816
225510604037824512
225510604142686208
225510604251729920
225510604356591616
225510604461453312
225510604562108416
225510604671164416
225510604767637504
225510604868292608
225510604977348608
225510605082210304
225510605187059712
225510605283532800
225510605384200192
225510605484855296
225510605589716992
225510605690384384
225510605791039488
225510605895901184
225510606000762880
225510606105612288
225510606210473984
225510606315335680
225510606415990784
225510606520852480
225510606629908480
225510606730563584
225510606831230976
225510606940286976
225510607036747776
225510607141609472
225510607254859776
225510607355514880
225510607443599360
225510607561043968
225510607670087680
225510607774949376
225510607879811072
225510607980466176
225510608081133568
225510608181800960
225510608282456064
225510608395706368
225510608492179456
225510608592834560
225510608697696256
225510608802557952
225510608899018752
225510608999686144
225510609104547840
225510609268117504
225510609410727936
225510609523978240
225510609624633344
225510609725300736
225510609830162432
225510609935011840
225510610044067840
225510610148929536
225510610253778944
225510610354446336
225510610467696640
225510610572546048
225510610669019136
225510610773880832
225510610874535936
225510610983591936
225510611088453632
225510611193303040
225510611298164736
225510611407220736
225510611512070144
225510611616931840
225510611725987840
225510611830837248
225510611931504640
225510612036366336
225510612141215744
225510612246077440
225510612350939136
225510612455788544
225510612560650240
225510612665511936
225510612770361344
225510612879417344
225510612988473344
225510613097517056
225510613198184448
225510613298851840
225510613407895552
225510613516951552
225510613621813248
225510613726662656
225510613839912960
225510613944774656
225510614058012672
225510614158680064
225510614271930368
225510614380974080
225510614490030080
225510614594891776
225510614699741184
225510614812991488
225510614917853184
225510615026896896
225510615131758592
225510615236620288
225510615345664000
225510615446331392
225510615555387392
225510615656042496
225510615760904192
225510615874154496
225510615979003904
225510616088059904
225510616192921600
225510616297771008
225510616411021312
225510616515883008
225510616629121024
225510616729788416
225510616843038720
225510616947888128
225510617056944128
225510617166000128
225510617270849536
225510617375711232
225510617480572928
225510617585422336
225510617690284032
225510617790951424
225510617899995136
225510618000662528
225510618101329920
225510618210373632
225510618315235328
225510618420097024
225510618520752128
225510618625613824
225510618726281216
225510618826936320
225510618935992320
225510619045048320
225510619141509120
225510619246370816
225510619351232512
225510619456081920
225510619556749312
225510619661611008
225510619766460416
225510619875516416
225510619976183808
225510620081033216
225510620190089216
225510620290756608
225510620395606016
225510620500467712
225510620601135104
225510620705984512
225510620810846208
225510620911513600
225510621020557312
225510621121224704
225510621221892096
225510621326741504
225510621427408896
225510621540659200
225510621637120000
225510621741981696
225510621846843392
225510621955887104
225510622060748800
225510622165610496
225510622270459904
225510622371127296
225510622463406080
225510622576644096
225510622677311488
225510622777978880
225510622887022592
225510622996078592
225510623100940288
225510623201595392
225510623298068480
225510623398735872
225510623491002368
225510623591669760
225510623700725760
225510623809769472
225510623910436864
225510624019492864
225510624128536576
225510624233398272
225510624338259968
225510624451497984
225510624564748288
225510624673804288
225510624774459392
225510624883515392
225510624992571392
225510625105809408
225510625214865408
225510625315532800
225510625420382208
225510625529438208
225510625638494208
225510625743343616
225510625852399616
225510625953067008
225510626062110720
225510626166972416
225510626271834112
225510626385072128
225510626603180032
225510626712236032
225510626829668352
225510626942918656
225510627047780352
225510627156824064
225510627265880064
225510627374936064
225510627488174080
225510627588841472
225510627697897472
225510627802746880
225510627907608576
225510628012470272
225510628117319680
225510628226375680
225510628331237376
225510628436086784
225510628545142784
225510628641615872
225510628746465280
225510628851326976
225510628964577280
225510629065232384
225510629174288384
225510629279150080
225510629388193792
225510629493055488
225510629602111488
225510629702766592
225510629811822592
225510629916684288
225510630021533696
225510630118006784
225510630218674176
225510630327717888
225510630432579584
225510630529052672
225510630638096384
225510630742958080
225510630843625472
225510630948474880
225510631053336576
225510631154003968
225510631263047680
225510631363715072
225510631464382464
225510631569231872
225510631674093568
225510631778955264
225510631875416064
225510631980277760
225510632080945152
225510632181600256
225510632290656256
225510632391323648
225510632496173056
225510632601034752
225510632705896448
225510632810745856
225510632915607552
225510633020469248
225510633121124352
225510633221791744
225510633326653440
225510633431502848
225510633532170240
225510633632837632
225510633741881344
225510633842548736
225510633943216128
225510634048065536
225510634152927232
225510634261983232
225510634362638336
225510634471694336
225510634576556032
225510634681405440
225510634786267136
225510634891128832
225510634995978240
225510635100839936
225510635205701632
225510635310551040
225510635415412736
225510635524468736
225510635629318144
225510635729985536
225510635839041536
225510635939696640
225510636044558336
225510636149420032
225510636254269440
225510636354936832
225510636459798528
225510636560453632
225510636661121024
225510636757594112
225510636858249216
225510636967305216
225510637067972608
225510637172822016
225510637277683712
225510637382545408
225510637483200512
225510637588062208
225510637692923904
225510637793579008
225510637894246400
225510637999108096
225510638099763200
225510638204624896
225510638309486592
225510638410141696
225510638519197696
225510638628253696
225510638728908800
225510638833770496
225510638938632192
225510639043481600
225510639144148992
225510639253204992
225510639358054400
225510639467110400
225510639567777792
225510639664238592
225510639777488896
225510639886544896
225510639999782912
225510640096256000
225510640205312000
225510640310161408
225510640410828800
225510640524079104
225510640624734208
225510640729595904
225510640834457600
225510640943501312
225510641039974400
225510641144836096
225510641253879808
225510641358741504
225510641463603200
225510641568452608
225510641681702912
